Complexes: 
[[0, 1], [2], [3, 1], [3, 4], [5], [0, 4], [6, 3], [7], [8, 3], [8, 4], [9], [6, 4]]

Complexes names:
['S0+E', 'ES0', 'S1+E', 'S1+F', 'FS1', 'S0+F', 'P0+S1', 'S1P0', 'P1+S1', 'P1+F', 'FP1', 'P0+F']

Species:
[0, 1, 2, 3, 4, 5, 6, 7, 8, 9]

Species names:
['S0', 'E', 'ES0', 'S1', 'F', 'FS1', 'P0', 'S1P0', 'P1', 'FP1']

M
[[-1 -1  1  0  0  0  0  0  0  0]
 [ 0  1 -1  1  0  0  0  0  0  0]
 [ 0  0  0 -1 -1  1  0  0  0  0]
 [ 0  0  0 -1  0  0 -1  1  0  0]
 [ 0  0  0  1  0  0  0 -1  1  0]
 [ 0  0  0  0 -1  0  0  0 -1  1]]

Bperp
[[-1.  1.  0.  0.  0.  0.  0.  0.  0.  0.]
 [-1.  0. -1. -1.  0. -1.  1.  0.  0.  0.]
 [-1.  0. -1.  0. -1. -1.  0.  0.  1.  0.]
 [ 2.  0.  2.  1.  1.  2.  0.  1.  0.  1.]]

positive M perp
[[1. 2. 1. 2. 2. 2.]
 [0. 1. 1. 1. 1. 1.]
 [1. 1. 0. 1. 1. 1.]
 [2. 1. 1. 2. 2. 2.]
 [1. 0. 1. 1. 1. 1.]
 [1. 1. 0. 1. 1. 1.]
 [2. 2. 2. 1. 2. 1.]
 [1. 1. 1. 0. 1. 1.]
 [1. 1. 1. 1. 1. 0.]
 [2. 2. 2. 2. 1. 1.]
 [1. 1. 1. 1. 0. 1.]
 [1. 1. 1. 1. 1. 0.]]

M
[[-1 -1  1  0  0  0  0  0  0  0]
 [ 0  1 -1  1  0  0  0  0  0  0]
 [ 0  0  0 -1 -1  1  0  0  0  0]
 [ 0  0  0 -1  0  0 -1  1  0  0]
 [ 0  0  0  1  0  0  0 -1  1  0]
 [ 0  0  0  0 -1  0  0  0 -1  1]]

educt complexes matrix
[[1 0 0 0 0 0 0 0 0 0 0 0]
 [1 0 0 0 0 0 0 0 0 0 0 0]
 [0 1 1 0 0 0 0 0 0 0 0 0]
 [0 0 0 1 0 0 1 0 0 0 0 0]
 [0 0 0 1 0 0 0 0 0 1 0 0]
 [0 0 0 0 1 1 0 0 0 0 0 0]
 [0 0 0 0 0 0 1 0 0 0 0 0]
 [0 0 0 0 0 0 0 1 1 0 0 0]
 [0 0 0 0 0 0 0 0 0 1 0 0]
 [0 0 0 0 0 0 0 0 0 0 1 1]]

Mperp
[[ 0. -1. -1.  0.  0.  0.  0.  0.  0.  0.]
 [-1.  1.  0. -1.  0. -1.  0. -1.  0.  0.]
 [ 1. -1.  0.  1.  1.  2. -1.  0. -1.  0.]
 [ 0.  0.  0.  0. -1. -1.  0.  0.  0. -1.]]

Bt
[[-1 -1  1  0  0  0  0  0  0  0]
 [ 0  0  0 -1 -1  1  0  0  0  0]
 [ 0  0  0 -1  0  0 -1  1  0  0]
 [ 0  0  0  0 -1  0  0  0 -1  1]
 [ 1  1  0 -1 -1  0  0  0  0  0]
 [ 0  0  0  1 -1  0  1  0 -1  0]]

Two vectors with the same sign, corresponding to the orthant (-1, 1, -1, -1, 1, -1, 1, 1, -1, 1), are [-1, 1, -1, -1, 1, -2, 1, 5, -7, 1], from M1, and [-4, 3, -1, -3, 2, -1, 4, 1, -1, 1], from M2.

Two vectors with the same sign, corresponding to the orthant (-1, 1, -1, 1, -1, -1, -1, 1, 1, 1), are [-2, 2, -2, 3, -1, -2, -7, 3, 1, 3], from M1, and [-4, 3, -1, 2, -3, -1, -1, 1, 4, 1], from M2.

x1 is [6.327906827477306, 1.7459301206079794, 1.5819767068693265, 4.745930120607979, 1.163953413738653, 1.1565176427496657, 2.327906827477306, 0.006783654906304231, 1.0009127142532217, 0.5819767068693265]

x2 is [2.327906827477306, 4.745930120607979, 0.5819767068693265, 1.7459301206079794, 3.163953413738653, 0.15651764274966568, 6.327906827477306, 1.0067836549063043, 0.0009127142532217336, 1.5819767068693265]

[[  0.90513439]
 [  3.16060279]
 [  3.16060279]
 [  1.81026878]
 [  4.32332358]
 [  4.32332358]
 [  0.90513439]
 [737.06579551]
 [737.06579551]
 [  8.58357479]
 [  8.59140914]
 [  8.59140914]]